- model: examples.product
  pk: 1
  fields:
    deleted_at: null
    created_at: 2022-01-10 07:38:19.632258+00:00
    updated_at: 2022-01-10 07:38:19.632285+00:00
    user: 1
    name: 종은날
    artist: 1
    price: 15000
- model: examples.product
  pk: 2
  fields:
    deleted_at: null
    created_at: 2022-01-10 07:38:36.904146+00:00
    updated_at: 2022-01-10 07:38:36.904173+00:00
    user: 1
    name: Lion Heart
    artist: 2
    price: 15000
- model: examples.product
  pk: 3
  fields:
    deleted_at: null
    created_at: 2022-01-10 07:38:55.440961+00:00
    updated_at: 2022-01-10 07:38:55.440991+00:00
    user: 1
    name: '8282'
    artist: 3
    price: 15000
